00000000000000000000000000000000000000000000000000000000000000000000000000000000000000000000000000000000000000001111010011101110
00000000000000000000000000000000000000000000000000000000000000000000000000000000000000000000000000000000000000001110010011001110
00000000000000000000000000000000000000000000000000000000000000000000000000000000000000000000000000000000000000001111010011001110
00000000000000000000000000000000000000000000000000000000000000000000000000000000000000000000000000000000000000001111010011001110
00000000000000000000000000000000000000000000000000000000000000000000000000000000000000000000000000000000000000001110010011101110
00000000000000000000000000000000000000000000000000000000000000000000000000000000000000000000000000000000000000001110010011101110
00000000000000000000000000000000000000000000000000000000000000000000000000000000000000000000000000000000000000001111010011101110
00000000000000000000000000000000000000000000000000000000000000000000000000000000000000000000000000000000000000001110010011101110
00000000000000000000000000000000000000000000000000000000000000000000000000000000000000000000000000000000000000001111010011101110
00000000000000000000000000000000000000000000000000000000000000000000000000000000000000000000000000000000000000001111010011101110
00000000000000000000000000000000000000000000000000000000000000000000000000000000000000000000000000000000000000001010101111001101
00000000000000000000000000000000000000000000000000000000000000000000000000000000000000000000000000000000000000001010101111001101
00000000000000000000000000000000000000000000000000000000000000000000000000000000000000000000000000000000000000001010101111001101
00000000000000000000000000000000000000000000000000000000000000000000000000000000000000000000000000000000000000001010101111001101
00000000000000000000000000000000000000000000000000000000000000000000000000000000000000000000000000000000000000001010101111001101
00000000000000000000000000000000000000000000000000000000000000000000000000000000000000000000000000000000000000001010101111001101
00000000000000000000000000000000000000000000000000000000000000000000000000000000000000000000000000000000000000001010101111001101
00000000000000000000000000000000000000000000000000000000000000000000000000000000000000000000000000000000000000001010101111001101
00000000000000000000000000000000000000000000000000000000000000000000000000000000000000000000000000000000000000001010101111001101
00000000000000000000000000000000000000000000000000000000000000000000000000000000000000000000000000000000000000001010101111001101
10101011110011011110111110011000011101100101010000110010000100001010101111001101111011111001100001110110010101000011001000010000
10101011110011011110111110011000011101100101010000110010000100001010101111001101111011111001100001110110010101000011001000010000
10101011110011011110111110011000011101100101010000110010000100001010101111001101111011111001100001110110010101000011001000010000
10101011110011011110111110011000011101100101010000110010000100001010101111001101111011111001100001110110010101000011001000010000
10101011110011011110111110011000011101100101010000110010000100001010101111001101111011111001100001110110010101000011001000010000
10101011110011011110111110011000011101100101010000110010000100001010101111001101111011111001100001110110010101000011001000010000
10101011110011011110111110011000011101100101010000110010000100001010101111001101111011111001100001110110010101000011001000010000
10101011110011011110111110011000011101100101010000110010000100001010101111001101111011111001100001110110010101000011001000010000
10101011110011011110111110011000011101100101010000110010000100001010101111001101111011111001100001110110010101000011001000010000
10101011110011011110111110011000011101100101010000110010000100001010101111001101111011111001100001110110010101000011001000010000
01001110101110001100101100000111000011110101100101000110001001001001011101001011101001011010000100001100011101011001110011010110
01001110111110001100101100000111000011110101100101000110001001001001011101001011101001011010000100001000011100011001110011010110
01001110101110001100101100000111000011110101100101010110001001001001011101001011101001011010000100001100011101011001110011010110
01001110101110001100101100000111000011110101100101000110001001001001011101001011101001011010000100001100011101011001110011010110
01001110111110001100101100000111000011110101100101000110001001001001011101001011101001011010000100001100011101011001110011010110
01001110111110001100101100000111000011110101100101010110001001001001011101001011101001011010000100001100011101011001110011010110
01001110101110001100101100000111000011110101100101000110001001001001011101001011101001011010010100001100011101011001110011010110
01001110101110001100101100000111000011110101100101000110001001001001011101001011101001011010000100001100011101011001110011010110
01001110111110001100101100000111000011110101100101000110001001001001011101001011101001011010000100001100011101011001110011010110
01001110101110001100101100000111000011110101100101000110001001001001011101001011101001011010000100001100011101011001110011010110
